0 0.5
22.22222 0.5007297
44.44444 0.5028751
66.66666 0.5063704
88.88889 0.5111495
111.1111 0.5171468
133.3333 0.5242963
155.5555 0.5325322
177.7778 0.5417888
200 0.552
222.2222 0.5631002
244.4444 0.5750233
266.6667 0.5877037
288.8889 0.6010754
311.1111 0.6150727
333.3333 0.6296296
355.5555 0.6446804
377.7778 0.6601591
400 0.676
422.2222 0.6921372
444.4444 0.7085048
466.6667 0.725037
488.8889 0.741668
511.1111 0.758332
533.3333 0.774963
555.5555 0.7914952
577.7778 0.8078629
600 0.824
622.2222 0.8398409
644.4444 0.8553196
666.6666 0.8703704
688.8889 0.8849273
711.1111 0.8989246
733.3333 0.9122963
755.5555 0.9249767
777.7778 0.9368999
800 0.9480001
822.2222 0.9582113
844.4444 0.9674678
866.6666 0.9757038
888.8889 0.9828533
911.1111 0.9888506
933.3333 0.9936297
955.5555 0.9971249
977.7777 0.9992703
999.9999 1
1022.222 0.9992703
1044.444 0.9971249
1066.667 0.9936296
1088.889 0.9888505
1111.111 0.9828532
1133.333 0.9757037
1155.556 0.9674678
1177.778 0.9582113
1200 0.948
1222.222 0.9368999
1244.444 0.9249767
1266.667 0.9122963
1288.889 0.8989246
1311.111 0.8849273
1333.333 0.8703704
1355.556 0.8553196
1377.778 0.8398409
1400 0.824
1422.222 0.8078629
1444.444 0.7914953
1466.667 0.774963
1488.889 0.758332
1511.111 0.741668
1533.333 0.7250371
1555.556 0.7085048
1577.778 0.6921372
1600 0.676
1622.222 0.6601591
1644.444 0.6446804
1666.667 0.6296296
1688.889 0.6150727
1711.111 0.6010754
1733.333 0.5877037
1755.556 0.5750233
1777.778 0.5631002
1800 0.552
1822.222 0.5417887
1844.444 0.5325322
1866.667 0.5242962
1888.889 0.5171468
1911.111 0.5111494
1933.333 0.5063704
1955.555 0.5028751
1977.778 0.5007297
2000 0.5
2022.222 0.4828533
2044.444 0.4369001
2066.667 0.3703709
2088.889 0.2914951
2111.111 0.2085049
2133.333 0.1296299
2155.555 0.06310055
2177.778 0.01714712
2200 0
