0 0.5
24.24242 0.5008673
48.48485 0.5034122
72.72727 0.5075492
96.9697 0.5131929
121.2121 0.5202577
145.4545 0.5286582
169.697 0.5383088
193.9394 0.5491242
218.1818 0.5610188
242.4242 0.5739071
266.6667 0.5877037
290.9091 0.6023231
315.1515 0.6176797
339.3939 0.6336882
363.6364 0.650263
387.8788 0.6673186
412.1212 0.6847696
436.3636 0.7025304
460.606 0.7205157
484.8485 0.7386398
509.0909 0.7568175
533.3333 0.774963
557.5757 0.7929909
581.8182 0.8108159
606.0606 0.8283525
630.303 0.8455149
654.5455 0.8622179
678.7878 0.8783759
703.0303 0.8939036
727.2727 0.9087153
751.5151 0.9227256
775.7576 0.935849
800 0.9480001
824.2424 0.9590932
848.4849 0.9690431
872.7273 0.9777641
896.9697 0.9851708
921.2121 0.9911778
945.4545 0.9956996
969.697 0.9986506
993.9394 0.9999452
1018.182 0.9995102
1042.424 0.9973766
1066.667 0.9936296
1090.909 0.9883546
1115.151 0.9816371
1139.394 0.9735625
1163.636 0.9642164
1187.879 0.9536842
1212.121 0.9420514
1236.364 0.9294034
1260.606 0.9158259
1284.849 0.9014042
1309.091 0.8862239
1333.333 0.8703703
1357.576 0.8539292
1381.818 0.8369858
1406.061 0.8196256
1430.303 0.8019342
1454.545 0.7839971
1478.788 0.7658995
1503.03 0.7477273
1527.273 0.7295657
1551.515 0.7115003
1575.758 0.6936166
1600 0.676
1624.242 0.658736
1648.485 0.6419101
1672.727 0.6256077
1696.97 0.6099145
1721.212 0.5949158
1745.455 0.5806971
1769.697 0.5673441
1793.939 0.5549419
1818.182 0.5435762
1842.424 0.5333325
1866.667 0.5242962
1890.909 0.5165529
1915.151 0.510188
1939.394 0.5052869
1963.636 0.5019353
1987.879 0.5002185
2012.121 0.4986504
2036.364 0.4883546
2060.606 0.4690431
2084.848 0.4420515
2109.091 0.4087154
2133.333 0.3703705
2157.576 0.3283525
2181.818 0.2839971
2206.061 0.23864
2230.303 0.1936167
2254.545 0.1502631
2278.788 0.1099147
2303.03 0.0739072
2327.273 0.0435763
2351.515 0.02025774
2375.758 0.005287111
2400 0
